// 2D scan_mode 配置示例
// 坐标配置格式: (x, y)分别为横坐标，纵坐标。支持使用 英文/中文 的 逗号/分号 分隔横纵坐标(,|;|，|；),禁止使用空格
// 代码注释: 可使用双斜杠(//)在行尾或整行注释
// 使用此配置示例, 配置 SCAN_MODE=2D SCAN_MODE, V_ROLL_NUM=32, H_ROLL_NUM=4, H_VLD_SEG=4, 可观测最佳Rolling效果
0	, 0     // vroll=1, hroll=1
192	, 0     //          hroll=2
384	, 0     //          hroll=3
576	, 0     //          hroll=4
0	, 18    // vroll=2, hroll=1
192	, 18    // vroll=2, hroll=2
384	, 18    // ...
576	, 18
0	, 36
192	, 36
384	, 36
576	, 36
0	, 54
192	, 54
384	, 54
576	, 54
0	, 72
192	, 72
384	, 72
576	, 72
0	, 90
192	, 90
384	, 90
576	, 90
0	, 108
192	, 108
384	, 108
576	, 108
0	, 126
192	, 126
384	, 126
576	, 126
0	, 144
192	, 144
384	, 144
576	, 144
0	, 162
192	, 162
384	, 162
576	, 162
0	, 180
192	, 180
384	, 180
576	, 180
0	, 198
192	, 198
384	, 198
576	, 198
0	, 216
192	, 216
384	, 216
576	, 216
0	, 234
192	, 234
384	, 234
576	, 234
0	, 252
192	, 252
384	, 252
576	, 252
0	, 270
192	, 270
384	, 270
576	, 270
0	, 288
192	, 288
384	, 288
576	, 288
0	, 306
192	, 306
384	, 306
576	, 306
0	, 324
192	, 324
384	, 324
576	, 324
0	, 342
192	, 342
384	, 342
576	, 342
0	, 360
192	, 360
384	, 360
576	, 360
0	, 378
192	, 378
384	, 378
576	, 378
0	, 396
192	, 396
384	, 396
576	, 396
0	, 414
192	, 414
384	, 414
576	, 414
0	, 432
192	, 432
384	, 432
576	, 432
0	, 450
192	, 450
384	, 450
576	, 450
0	, 468
192	, 468
384	, 468
576	, 468
0	, 486
192	, 486
384	, 486
576	, 486
0	, 504
192	, 504
384	, 504
576	, 504
0	, 522
192	, 522
384	, 522
576	, 522
0	, 540
192	, 540
384	, 540
576	, 540
0	, 558
192	, 558
384	, 558
576	, 558
